时间	开盘	最高	最低	收盘	成交量	MA.MA1	MA.MA2	MA.MA3	MA.MA4	VOL-TDX.VVOL	VOL-TDX.	VOL-TDX.VOLUME	VOL-TDX.MAVOL1	VOL-TDX.MAVOL2	MACD.DIF	MACD.DEA	MACD.MACD	
 2016/12/14	   13.07	   13.32	   12.88	   13.01	       10659895	           	           	           	           	           	       0.00	  106598.95	           	           	       0.00	       0.00	       0.00	
 2016/12/15	   13.03	   13.46	   12.94	   13.27	       12010992	           	           	           	           	           	       0.00	  120109.92	           	           	       0.02	       0.00	       0.03	
 2016/12/16	   13.29	   13.39	   13.09	   13.11	       10981612	           	           	           	           	           	       0.00	  109816.12	           	           	       0.02	       0.01	       0.03	
 2016/12/19	   13.10	   13.23	   13.05	   13.16	        7822704	           	           	           	           	           	       0.00	   78227.04	           	           	       0.03	       0.01	       0.04	
 2016/12/20	   13.16	   13.17	   12.81	   13.05	       10909553	      13.12	           	           	           	           	       0.00	  109095.53	  104769.52	           	       0.03	       0.02	       0.02	
 2016/12/21	   13.05	   13.68	   13.05	   13.67	       23211852	      13.25	           	           	           	           	       0.00	  232118.52	  129873.42	           	       0.07	       0.03	       0.09	
 2016/12/22	   13.61	   13.79	   13.52	   13.70	       10477654	      13.34	           	           	           	           	       0.00	  104776.54	  126806.75	           	       0.11	       0.04	       0.13	
 2016/12/23	   13.64	   13.80	   13.55	   13.60	        9942295	      13.44	           	           	           	           	       0.00	   99422.95	  124728.12	           	       0.13	       0.06	       0.14	
 2016/12/26	   13.64	   13.77	   13.27	   13.57	       11980311	      13.52	           	           	           	           	       0.00	  119803.11	  133043.33	           	       0.14	       0.08	       0.13	
 2016/12/27	   13.56	   13.75	   13.46	   13.53	        9354157	      13.61	      13.37	           	           	           	       0.00	   93541.57	  129932.54	  117351.02	       0.15	       0.09	       0.11	
 2016/12/28	   13.59	   13.93	   13.49	   13.88	       11555703	      13.66	      13.45	           	           	           	       0.00	  115557.03	  106620.24	  118246.84	       0.18	       0.11	       0.14	
 2016/12/29	   13.76	   13.92	   13.55	   13.59	       11378431	      13.63	      13.49	           	           	           	       0.00	  113784.31	  108421.80	  117614.27	       0.17	       0.12	       0.11	
 2016/12/30	   13.62	   13.69	   13.36	   13.51	       11938414	      13.62	      13.53	           	           	           	       0.00	  119384.14	  112414.03	  118571.08	       0.16	       0.13	       0.07	
 2017/01/03	   13.51	   13.88	   13.49	   13.80	       12913145	      13.66	      13.59	           	           	           	       0.00	  129131.45	  114279.70	  123661.52	       0.18	       0.14	       0.08	
 2017/01/04	   13.79	   14.04	   13.64	   13.85	       12807403	      13.73	      13.67	           	           	           	       0.00	  128074.03	  121186.20	  125559.37	       0.19	       0.15	       0.08	
 2017/01/05	   13.82	   14.78	   13.73	   14.45	       36262512	      13.84	      13.75	           	           	           	       0.00	  362625.13	  170599.81	  138610.03	       0.25	       0.17	       0.15	
 2017/01/06	   14.77	   15.17	   14.32	   14.35	       50051336	      13.99	      13.81	           	           	           	       0.00	  500513.38	  247945.63	  178183.70	       0.28	       0.19	       0.18	
 2017/01/09	   14.17	   15.32	   14.17	   15.12	       54072164	      14.31	      13.97	           	           	           	       0.00	  540721.63	  332213.13	  222313.58	       0.36	       0.23	       0.28	
 2017/01/10	   14.94	   15.12	   14.61	   14.71	       31346404	      14.50	      14.08	           	           	           	       0.00	  313464.03	  369079.63	  241679.67	       0.39	       0.26	       0.27	
 2017/01/11	   14.78	   15.04	   14.48	   14.52	       19367856	      14.63	      14.18	      13.77	           	           	       0.00	  193678.56	  382200.53	  251693.38	       0.39	       0.29	       0.22	
 2017/01/12	   14.45	   14.59	   14.24	   14.31	       15961671	      14.60	      14.22	      13.84	           	           	       0.00	  159616.70	  341598.88	  256099.34	       0.38	       0.30	       0.14	
 2017/01/13	   14.32	   14.68	   14.04	   14.19	       17417880	      14.57	      14.28	      13.88	           	           	       0.00	  174178.80	  276331.94	  262138.78	       0.35	       0.31	       0.07	
 2017/01/16	   14.23	   14.34	   12.86	   13.78	       26950544	      14.30	      14.31	      13.92	           	           	       0.00	  269505.44	  222088.70	  277150.91	       0.29	       0.31	      -0.04	
 2017/01/17	   13.55	   14.05	   13.54	   13.98	       14336407	      14.16	      14.33	      13.96	           	           	       0.00	  143364.06	  188068.72	  278574.19	       0.25	       0.30	      -0.09	
 2017/01/18	   13.94	   13.99	   13.77	   13.91	        8682620	      14.03	      14.33	      14.00	           	           	       0.00	   86826.20	  166698.23	  274449.41	       0.22	       0.28	      -0.12	
 2017/01/19	   13.80	   13.91	   13.70	   13.72	        6446137	      13.92	      14.26	      14.00	           	           	       0.00	   64461.37	  147667.17	  244633.02	       0.17	       0.26	      -0.17	
 2017/01/20	   13.69	   14.06	   13.65	   13.84	        9103464	      13.85	      14.21	      14.01	           	           	       0.00	   91034.64	  131038.34	  203685.14	       0.15	       0.24	      -0.18	
 2017/01/23	   14.04	   14.41	   14.04	   14.40	       17175272	      13.97	      14.14	      14.05	           	           	       0.00	  171752.72	  111487.80	  166788.25	       0.17	       0.22	      -0.11	
 2017/01/24	   14.61	   14.78	   14.44	   14.46	       15645933	      14.07	      14.11	      14.10	           	           	       0.00	  156459.33	  114106.85	  151087.78	       0.19	       0.22	      -0.06	
 2017/01/25	   14.46	   14.56	   14.29	   14.42	        7795163	      14.17	      14.10	      14.14	           	           	       0.00	   77951.63	  112331.94	  139515.09	       0.20	       0.21	      -0.03	
 2017/01/26	   14.53	   14.61	   14.37	   14.53	        7186935	      14.33	      14.12	      14.17	           	           	       0.00	   71869.35	  113813.53	  130740.35	       0.21	       0.21	      -0.00	
 2017/02/03	   14.50	   14.50	   13.86	   14.25	       17919584	      14.41	      14.13	      14.20	           	           	       0.00	  179195.84	  131445.78	  131242.06	       0.20	       0.21	      -0.02	
 2017/02/06	   14.09	   14.61	   14.02	   14.58	       14799263	      14.45	      14.21	      14.26	           	           	       0.00	  147992.63	  126693.76	  119090.78	       0.21	       0.21	       0.00	
 2017/02/07	   14.49	   14.72	   14.31	   14.39	       12501530	      14.43	      14.25	      14.29	           	           	       0.00	  125015.30	  120404.95	  117255.90	       0.21	       0.21	      -0.01	
 2017/02/08	   14.39	   14.58	   14.08	   14.48	       13793580	      14.45	      14.31	      14.32	           	           	       0.00	  137935.80	  132401.78	  122366.86	       0.20	       0.21	      -0.01	
 2017/02/09	   14.43	   14.76	   14.32	   14.75	       19952076	      14.49	      14.41	      14.33	           	           	       0.00	  199520.77	  157932.06	  135872.80	       0.22	       0.21	       0.02	
 2017/02/10	   15.11	   15.14	   14.63	   14.66	       31994620	      14.57	      14.49	      14.35	           	           	       0.00	  319946.19	  186082.14	  158763.95	       0.23	       0.21	       0.03	
 2017/02/13	   14.57	   14.67	   14.33	   14.39	       17562872	      14.53	      14.49	      14.31	           	           	       0.00	  175628.72	  191609.36	  159151.56	       0.21	       0.21	      -0.01	
 2017/02/14	   14.35	   14.53	   14.25	   14.52	       13135366	      14.56	      14.50	      14.30	           	           	       0.00	  131353.66	  192877.03	  156640.98	       0.20	       0.21	      -0.02	
 2017/02/15	   14.42	   14.49	   13.99	   14.02	       24881142	      14.47	      14.46	      14.28	           	           	       0.00	  248811.42	  215052.16	  173726.97	       0.15	       0.20	      -0.09	
 2017/02/16	   13.98	   14.14	   13.94	   14.05	       11103341	      14.33	      14.41	      14.27	           	           	       0.00	  111033.41	  197354.67	  177643.38	       0.11	       0.18	      -0.14	
 2017/02/17	   14.06	   14.19	   13.95	   14.10	       10508192	      14.22	      14.39	      14.26	           	           	       0.00	  105081.92	  154381.83	  170231.98	       0.09	       0.16	      -0.15	
 2017/02/20	   14.10	   14.31	   13.94	   14.24	       13939144	      14.19	      14.36	      14.28	           	           	       0.00	  139391.44	  147134.38	  169371.86	       0.08	       0.15	      -0.14	
 2017/02/21	   14.26	   14.26	   14.07	   14.15	        8832910	      14.11	      14.34	      14.29	           	           	       0.00	   88329.10	  138529.45	  165703.23	       0.06	       0.13	      -0.14	
 2017/02/22	   14.16	   14.19	   14.04	   14.08	        8936865	      14.12	      14.30	      14.30	           	           	       0.00	   89368.65	  106640.91	  160846.53	       0.04	       0.11	      -0.14	
 2017/02/23	   14.08	   14.09	   13.82	   13.94	       12961116	      14.10	      14.22	      14.31	           	           	       0.00	  129611.16	  110356.45	  153855.56	       0.02	       0.09	      -0.15	
 2017/02/24	   13.89	   14.29	   13.89	   14.27	       17067642	      14.14	      14.18	      14.33	           	           	       0.00	  170676.42	  123475.35	  138928.59	       0.02	       0.08	      -0.11	
 2017/02/27	   14.17	   14.30	   14.01	   14.23	       14353113	      14.13	      14.16	      14.33	           	           	       0.00	  143531.13	  124303.29	  135718.83	       0.02	       0.07	      -0.09	
 2017/02/28	   14.23	   14.41	   14.16	   14.40	       14506369	      14.18	      14.15	      14.32	           	           	       0.00	  145063.69	  135650.20	  137089.83	       0.04	       0.06	      -0.05	
 2017/03/01	   14.39	   14.47	   14.19	   14.38	       16617430	      14.24	      14.18	      14.32	           	           	       0.00	  166174.30	  151011.34	  128826.12	       0.04	       0.06	      -0.03	
 2017/03/02	   14.39	   14.44	   14.12	   14.14	       11831602	      14.28	      14.19	      14.30	           	           	       0.00	  118316.02	  148752.31	  129554.38	       0.03	       0.05	      -0.04	
 2017/03/03	   14.09	   14.28	   13.94	   14.25	       10439741	      14.28	      14.21	      14.30	           	           	       0.00	  104397.41	  135496.50	  129485.93	       0.03	       0.05	      -0.04	
 2017/03/06	   14.24	   14.49	   14.18	   14.42	       13503148	      14.32	      14.23	      14.29	           	           	       0.00	  135031.48	  133796.58	  129049.94	       0.04	       0.05	      -0.01	
 2017/03/07	   14.37	   14.56	   14.17	   14.23	       11576298	      14.28	      14.23	      14.28	           	           	       0.00	  115762.98	  127936.44	  131793.33	       0.04	       0.04	      -0.02	
 2017/03/08	   14.26	   14.37	   14.18	   14.22	        8233151	      14.25	      14.25	      14.27	           	           	       0.00	   82331.51	  111167.88	  131089.61	       0.03	       0.04	      -0.02	
 2017/03/09	   14.19	   14.24	   13.73	   13.83	       14031656	      14.19	      14.24	      14.23	           	           	       0.00	  140316.56	  115567.98	  132160.16	      -0.01	       0.03	      -0.08	
 2017/03/10	   13.77	   14.06	   13.56	   14.04	       23870584	      14.15	      14.21	      14.19	           	           	       0.00	  238705.84	  142429.67	  138963.09	      -0.02	       0.02	      -0.08	
 2017/03/13	   13.85	   14.27	   13.85	   14.24	       12959071	      14.11	      14.22	      14.19	           	           	       0.00	  129590.71	  141341.52	  137569.05	      -0.01	       0.02	      -0.05	
 2017/03/14	   14.39	   14.44	   14.24	   14.29	       14708642	      14.12	      14.20	      14.18	           	           	       0.00	  147086.42	  147606.20	  137771.33	      -0.00	       0.01	      -0.03	
 2017/03/15	   14.29	   14.39	   14.15	   14.27	        9334310	      14.13	      14.19	      14.19	      14.08	           	       0.00	   93343.10	  149808.53	  130488.20	       0.00	       0.01	      -0.01	
 2017/03/16	   14.27	   14.49	   14.27	   14.46	       14849343	      14.26	      14.23	      14.21	      14.10	           	       0.00	  148493.44	  151443.91	  133505.94	       0.02	       0.01	       0.02	
 2017/03/17	   14.46	   14.54	   14.23	   14.33	       10947655	      14.32	      14.23	      14.22	      14.12	           	       0.00	  109476.55	  125598.05	  134013.86	       0.03	       0.02	       0.03	
 2017/03/20	   14.34	   14.44	   14.07	   14.37	       10770103	      14.34	      14.23	      14.23	      14.14	           	       0.00	  107701.03	  121220.11	  131280.81	       0.04	       0.02	       0.03	
 2017/03/21	   14.29	   14.60	   14.29	   14.54	       17773262	      14.39	      14.26	      14.25	      14.17	           	       0.00	  177732.63	  127349.35	  137477.78	       0.05	       0.03	       0.05	
 2017/03/22	   14.47	   14.59	   14.29	   14.52	       12097322	      14.44	      14.29	      14.27	      14.19	           	       0.00	  120973.22	  132875.38	  141341.95	       0.07	       0.04	       0.06	
 2017/03/23	   14.46	   14.69	   14.37	   14.64	       13686747	      14.48	      14.37	      14.30	      14.21	           	       0.00	  136867.47	  130550.18	  140997.05	       0.09	       0.05	       0.08	
 2017/03/24	   14.61	   15.12	   14.58	   14.93	       31560140	      14.60	      14.46	      14.34	      14.23	           	       0.00	  315601.41	  171775.16	  148686.59	       0.12	       0.06	       0.12	
 2017/03/27	   14.97	   15.29	   14.89	   15.05	       22887210	      14.74	      14.54	      14.38	      14.25	           	       0.00	  228872.09	  196009.36	  158614.73	       0.16	       0.08	       0.16	
 2017/03/28	   15.05	   15.11	   14.79	   15.00	       12020809	      14.83	      14.61	      14.41	      14.27	           	       0.00	  120208.09	  184504.45	  155926.91	       0.18	       0.10	       0.16	
 2017/03/29	   14.94	   15.13	   14.72	   14.98	       12891172	      14.92	      14.68	      14.44	      14.30	           	       0.00	  128911.72	  186092.16	  159483.77	       0.20	       0.12	       0.15	
 2017/03/30	   14.92	   15.09	   14.52	   14.65	       14636384	      14.92	      14.70	      14.46	      14.31	           	       0.00	  146363.84	  187991.44	  159270.81	       0.18	       0.13	       0.09	
 2017/03/31	   14.71	   15.09	   14.54	   15.07	       15638023	      14.95	      14.77	      14.50	      14.34	           	       0.00	  156380.23	  156147.20	  163961.17	       0.20	       0.14	       0.10	
 2017/04/05	   15.04	   15.76	   14.95	   15.75	       25792520	      15.09	      14.91	      14.57	      14.37	           	       0.00	  257925.20	  161957.81	  178983.59	       0.26	       0.17	       0.19	
 2017/04/06	   15.64	   15.70	   15.38	   15.56	       21123554	      15.20	      15.02	      14.64	      14.40	           	       0.00	  211235.55	  180163.31	  182333.88	       0.30	       0.19	       0.21	
 2017/04/07	   15.52	   16.06	   15.45	   15.95	       26794270	      15.40	      15.16	      14.72	      14.44	           	       0.00	  267942.69	  207969.50	  197030.83	       0.35	       0.22	       0.25	
 2017/04/10	   15.96	   16.46	   15.84	   15.99	       29539052	      15.66	      15.29	      14.83	      14.46	           	       0.00	  295390.53	  237774.84	  212883.14	       0.39	       0.26	       0.27	
 2017/04/11	   15.97	   17.24	   15.90	   16.93	       46742068	      16.04	      15.49	      14.98	      14.51	           	       0.00	  467420.69	  299982.94	  228065.06	       0.49	       0.31	       0.38	
 2017/04/12	   17.24	   17.39	   16.42	   16.82	       36474672	      16.25	      15.67	      15.10	      14.54	           	       0.00	  364746.72	  321347.25	  241652.53	       0.56	       0.36	       0.41	
 2017/04/13	   16.59	   16.81	   16.50	   16.54	       18894256	      16.45	      15.82	      15.22	      14.57	           	       0.00	  188942.56	  316888.63	  248525.97	       0.58	       0.40	       0.36	
 2017/04/14	   16.81	   17.04	   16.12	   16.20	       28181070	      16.50	      15.95	      15.31	      14.59	           	       0.00	  281810.69	  319662.25	  263815.88	       0.57	       0.44	       0.27	
 2017/04/17	   16.08	   16.47	   15.76	   15.85	       19338472	      16.47	      16.07	      15.38	      14.62	           	       0.00	  193384.72	  299261.06	  268517.97	       0.52	       0.45	       0.14	
 2017/04/18	   15.99	   16.89	   15.94	   16.52	       24378268	      16.39	      16.21	      15.49	      14.66	           	       0.00	  243782.69	  254533.47	  277258.19	       0.53	       0.47	       0.13	
 2017/04/19	   16.36	   16.76	   15.94	   16.34	       18979884	      16.29	      16.27	      15.59	      14.70	           	       0.00	  189798.84	  219543.91	  270445.56	       0.52	       0.48	       0.08	
 2017/04/20	   16.24	   16.64	   15.79	   16.23	       20003768	      16.23	      16.34	      15.68	      14.74	           	       0.00	  200037.69	  221762.92	  269325.78	       0.50	       0.48	       0.03	
 2017/04/21	   16.44	   16.44	   15.54	   15.64	       14095177	      16.12	      16.31	      15.73	      14.77	           	       0.00	  140951.77	  193591.14	  256626.69	       0.43	       0.47	      -0.09	
 2017/04/24	   15.55	   15.59	   14.64	   14.93	       14685310	      15.93	      16.20	      15.75	      14.79	           	       0.00	  146853.09	  184284.81	  241772.94	       0.31	       0.44	      -0.26	
 2017/04/25	   15.04	   15.42	   14.87	   15.21	       10800500	      15.67	      16.03	      15.76	      14.81	           	       0.00	  108005.00	  157129.28	  205831.38	       0.24	       0.40	      -0.33	
 2017/04/26	   15.23	   15.59	   15.01	   15.49	        9010498	      15.50	      15.90	      15.78	      14.83	           	       0.00	   90104.98	  137190.50	  178367.20	       0.20	       0.36	      -0.32	
 2017/04/27	   15.43	   15.72	   14.95	   15.51	       10993040	      15.36	      15.79	      15.81	      14.85	           	       0.00	  109930.40	  119169.05	  170465.98	       0.17	       0.32	      -0.31	
 2017/04/28	   15.56	   15.75	   15.38	   15.56	        7334172	      15.34	      15.73	      15.84	      14.86	           	       0.00	   73341.72	  105647.04	  149619.09	       0.15	       0.29	      -0.28	
 2017/05/02	   15.43	   15.51	   14.92	   15.09	       13126210	      15.37	      15.65	      15.86	      14.87	           	       0.00	  131262.09	  102528.84	  143406.83	       0.09	       0.25	      -0.31	
 2017/05/03	   15.04	   15.33	   14.98	   15.21	        8595195	      15.37	      15.52	      15.87	      14.89	           	       0.00	   85951.95	   98118.23	  127623.75	       0.05	       0.21	      -0.31	
 2017/05/04	   15.09	   15.19	   14.89	   14.93	        9717477	      15.26	      15.38	      15.82	      14.90	           	       0.00	   97174.77	   99532.19	  118361.34	       0.00	       0.17	      -0.33	
 2017/05/05	   14.96	   15.06	   13.99	   14.03	       21866488	      14.96	      15.16	      15.75	      14.89	           	       0.00	  218664.88	  121279.09	  120224.06	      -0.11	       0.11	      -0.44	
 2017/05/08	   14.01	   14.02	   12.62	   12.62	       23282160	      14.38	      14.86	      15.58	      14.86	           	       0.00	  232821.59	  153175.06	  129411.05	      -0.31	       0.03	      -0.67	
 2017/05/09	   12.51	   13.69	   12.49	   13.20	       27303950	      14.00	      14.69	      15.44	      14.83	           	       0.00	  273039.50	  181530.53	  142029.69	      -0.41	      -0.06	      -0.71	
 2017/05/10	   13.45	   13.61	   12.84	   12.93	       13309184	      13.54	      14.46	      15.24	      14.80	           	       0.00	  133091.84	  190958.52	  144538.38	      -0.51	      -0.15	      -0.72	
 2017/05/11	   12.74	   13.39	   12.70	   13.17	       13750809	      13.19	      14.23	      15.06	      14.78	           	       0.00	  137508.09	  199025.19	  149278.69	      -0.57	      -0.23	      -0.66	
 2017/05/12	   13.20	   13.52	   13.18	   13.33	       10065713	      13.05	      14.01	      14.90	      14.76	           	       0.00	  100657.13	  175423.63	  148351.36	      -0.59	      -0.30	      -0.57	
 2017/05/15	   13.36	   13.41	   13.13	   13.22	        6304159	      13.17	      13.77	      14.75	      14.75	           	       0.00	   63041.59	  141467.63	  147321.34	      -0.61	      -0.37	      -0.49	
 2017/05/16	   13.22	   13.22	   12.56	   13.20	       13470230	      13.17	      13.58	      14.62	      14.74	           	       0.00	  134702.30	  113800.19	  147665.36	      -0.62	      -0.42	      -0.40	
 2017/05/17	   13.12	   13.59	   13.05	   13.20	        9248753	      13.22	      13.38	      14.45	      14.72	           	       0.00	   92487.53	  105679.33	  148318.92	      -0.62	      -0.46	      -0.32	
 2017/05/18	   13.08	   13.39	   13.00	   13.03	        7142367	      13.20	      13.19	      14.29	      14.70	           	       0.00	   71423.67	   92462.45	  145743.81	      -0.63	      -0.49	      -0.27	
 2017/05/19	   13.04	   13.21	   12.95	   13.04	        5493341	      13.14	      13.09	      14.13	      14.68	           	       0.00	   54933.41	   83317.70	  129370.66	      -0.62	      -0.52	      -0.21	
 2017/05/22	   13.00	   13.09	   12.63	   12.79	        7768785	      13.05	      13.11	      13.98	      14.66	           	       0.00	   77687.85	   86246.95	  113857.29	      -0.63	      -0.54	      -0.19	
 2017/05/23	   12.79	   12.79	   11.54	   11.68	       19374746	      12.75	      12.96	      13.82	      14.62	           	       0.00	  193747.45	   98055.98	  105928.09	      -0.72	      -0.58	      -0.29	
 2017/05/24	   11.54	   12.11	   11.53	   11.93	       11737841	      12.49	      12.86	      13.66	      14.59	           	       0.00	  117378.41	  103034.16	  104356.74	      -0.77	      -0.62	      -0.30	
 2017/05/25	   11.93	   12.20	   11.74	   12.12	        8276901	      12.31	      12.75	      13.49	      14.55	           	       0.00	   82769.01	  105303.23	   98882.84	      -0.78	      -0.65	      -0.26	
 2017/05/26	   12.12	   12.30	   11.99	   12.10	        6147992	      12.12	      12.63	      13.32	      14.51	           	       0.00	   61479.92	  106612.53	   94965.12	      -0.78	      -0.67	      -0.21	
 2017/05/31	   12.24	   12.40	   11.99	   12.03	        5904867	      11.97	      12.51	      13.14	      14.47	           	       0.00	   59048.67	  102884.70	   94565.82	      -0.77	      -0.69	      -0.16	
 2017/06/01	   12.03	   12.15	   11.55	   11.63	        5990426	      11.96	      12.35	      12.97	      14.43	           	       0.00	   59904.26	   76116.05	   87086.02	      -0.79	      -0.71	      -0.16	
 2017/06/02	   11.59	   12.04	   11.54	   11.95	        6383935	      11.97	      12.23	      12.81	      14.39	           	       0.00	   63839.35	   65408.24	   84221.20	      -0.77	      -0.73	      -0.10	
 2017/06/05	   12.04	   12.47	   11.99	   12.27	        7751629	      12.00	      12.15	      12.67	      14.36	           	       0.00	   77516.29	   64357.70	   84830.46	      -0.73	      -0.73	      -0.00	
 2017/06/06	   12.26	   12.67	   12.20	   12.51	        8747384	      12.08	      12.10	      12.60	      14.33	           	       0.00	   87473.84	   69556.48	   88084.51	      -0.66	      -0.71	       0.10	
 2017/06/07	   12.46	   12.61	   12.43	   12.53	        8083661	      12.18	      12.07	      12.59	      14.30	           	       0.00	   80836.61	   73914.07	   88399.38	      -0.60	      -0.69	       0.18	
 2017/06/08	   12.55	   12.60	   12.34	   12.44	        6977185	      12.34	      12.15	      12.56	      14.28	           	       0.00	   69771.85	   75887.59	   76001.82	      -0.55	      -0.66	       0.22	
 2017/06/09	   12.34	   12.64	   12.29	   12.61	        8194697	      12.47	      12.22	      12.54	      14.25	           	       0.00	   81946.97	   79509.11	   72458.68	      -0.50	      -0.63	       0.27	
 2017/06/12	   12.59	   12.59	   12.32	   12.34	        6925921	      12.49	      12.24	      12.50	      14.22	           	       0.00	   69259.21	   77857.70	   71107.70	      -0.47	      -0.60	       0.26	
 2017/06/13	   12.34	   12.39	   12.16	   12.25	        8107724	      12.43	      12.26	      12.44	      14.19	           	       0.00	   81077.24	   76578.38	   73067.43	      -0.45	      -0.57	       0.24	
 2017/06/14	   12.23	   12.61	   12.19	   12.54	       10723036	      12.44	      12.31	      12.41	      14.16	           	       0.00	  107230.36	   81857.13	   77885.60	      -0.40	      -0.53	       0.26	
 2017/06/15	   12.50	   12.92	   12.47	   12.78	        9976724	      12.50	      12.42	      12.39	      14.13	           	       0.00	   99767.24	   87856.20	   81871.90	      -0.34	      -0.50	       0.30	
 2017/06/16	   12.77	   13.41	   12.70	   13.27	       14804890	      12.64	      12.55	      12.39	      14.11	           	       0.00	  148048.91	  101076.59	   90292.85	      -0.26	      -0.45	       0.39	
 2017/06/19	   13.36	   13.56	   13.07	   13.28	       10436498	      12.82	      12.65	      12.40	      14.09	           	       0.00	  104364.98	  108097.74	   92977.72	      -0.18	      -0.39	       0.43	
 2017/06/20	   13.28	   13.46	   13.16	   13.32	        5940966	      13.04	      12.74	      12.42	      14.07	           	       0.00	   59409.66	  103764.23	   90171.30	      -0.12	      -0.34	       0.44	
 2017/06/21	   13.39	   13.70	   13.30	   13.55	        9443290	      13.24	      12.84	      12.46	      14.06	           	       0.00	   94432.90	  101204.73	   91530.93	      -0.05	      -0.28	       0.46	
 2017/06/22	   13.57	   13.93	   13.22	   13.38	       13991805	      13.36	      12.93	      12.54	      14.04	           	       0.00	  139918.05	  109234.90	   98545.55	      -0.01	      -0.23	       0.44	
 2017/06/23	   13.35	   13.69	   13.07	   13.62	        9800946	      13.43	      13.03	      12.63	      14.01	           	       0.00	   98009.46	   99227.01	  100151.80	       0.04	      -0.17	       0.43	
 2017/06/26	   13.59	   13.71	   13.40	   13.64	       10436353	      13.50	      13.16	      12.70	      13.99	           	       0.00	  104363.53	   99226.72	  103662.23	       0.08	      -0.12	       0.41	
 2017/06/27	   13.64	   13.90	   13.57	   13.64	        8419913	      13.57	      13.30	      12.78	      13.97	           	       0.00	   84199.13	  104184.62	  103974.42	       0.11	      -0.07	       0.38	
 2017/06/28	   13.52	   13.81	   13.39	   13.78	       12343683	      13.61	      13.43	      12.87	      13.95	           	       0.00	  123436.83	  109985.40	  105595.07	       0.15	      -0.03	       0.36	
 2017/06/29	   13.87	   13.87	   13.56	   13.75	        8512277	      13.69	      13.52	      12.97	      13.93	           	       0.00	   85122.77	   99026.34	  104130.63	       0.17	       0.01	       0.32	
 2017/06/30	   13.76	   13.77	   13.46	   13.60	        6990173	      13.68	      13.56	      13.06	      13.91	           	       0.00	   69901.73	   93404.80	   96315.91	       0.18	       0.04	       0.27	
 2017/07/03	   13.58	   13.74	   13.47	   13.53	        5814895	      13.66	      13.58	      13.12	      13.87	           	       0.00	   58148.95	   84161.88	   91694.30	       0.17	       0.07	       0.20	
 2017/07/04	   13.48	   14.04	   13.48	   14.00	       13450387	      13.73	      13.65	      13.19	      13.85	           	       0.00	  134503.88	   94222.83	   99203.72	       0.20	       0.10	       0.22	
 2017/07/05	   13.99	   14.09	   13.82	   14.03	       12020292	      13.78	      13.70	      13.27	      13.81	           	       0.00	  120202.92	   93576.05	  101780.73	       0.23	       0.12	       0.21	
 2017/07/06	   14.02	   14.40	   14.02	   14.31	       14860585	      13.89	      13.79	      13.36	      13.79	           	       0.00	  148605.84	  106272.66	  102649.51	       0.27	       0.15	       0.23	
 2017/07/07	   14.33	   14.86	   14.32	   14.46	       23396610	      14.07	      13.87	      13.45	      13.74	           	       0.00	  233966.09	  139085.53	  116245.16	       0.31	       0.18	       0.25	
 2017/07/10	   14.61	   14.80	   14.36	   14.41	       15539474	      14.24	      13.95	      13.56	      13.70	           	       0.00	  155394.73	  158534.69	  121348.29	       0.33	       0.21	       0.24	
 2017/07/11	   14.46	   14.74	   14.23	   14.51	       17200072	      14.34	      14.04	      13.67	      13.67	           	       0.00	  172000.72	  166034.06	  130128.45	       0.35	       0.24	       0.23	
 2017/07/12	   14.54	   14.86	   14.33	   14.83	       19524984	      14.50	      14.14	      13.78	      13.65	           	       0.00	  195249.84	  181043.45	  137309.75	       0.39	       0.27	       0.24	
 2017/07/13	   14.82	   14.95	   14.67	   14.84	       15176920	      14.61	      14.25	      13.89	      13.63	           	       0.00	  151769.20	  181676.13	  143974.39	       0.42	       0.30	       0.24	
 2017/07/14	   14.87	   15.30	   14.70	   15.28	       23592840	      14.77	      14.42	      13.99	      13.61	           	       0.00	  235928.41	  182068.58	  160577.06	       0.47	       0.34	       0.27	
 2017/07/17	   15.55	   15.56	   14.08	   14.13	       41443992	      14.72	      14.48	      14.03	      13.57	           	       0.00	  414439.91	  233877.61	  196206.16	       0.42	       0.35	       0.13	
 2017/07/18	   13.77	   14.60	   13.70	   14.55	       29291708	      14.73	      14.53	      14.09	      13.55	           	       0.00	  292917.09	  258060.89	  212047.47	       0.40	       0.36	       0.08	
 2017/07/19	   14.45	   14.86	   14.35	   14.74	       24550598	      14.71	      14.61	      14.15	      13.53	           	       0.00	  245505.98	  268112.13	  224577.78	       0.40	       0.37	       0.06	
 2017/07/20	   14.61	   16.22	   14.50	   15.83	       55843212	      14.91	      14.76	      14.27	      13.55	           	       0.00	  558432.13	  349444.69	  265560.41	       0.48	       0.39	       0.18	
 2017/07/21	   15.87	   16.45	   15.71	   16.19	       65803196	      15.09	      14.93	      14.40	      13.56	           	       0.00	  658031.94	  433865.41	  307967.00	       0.57	       0.43	       0.28	
 2017/07/24	   16.53	   16.81	   15.60	   15.87	       78118128	      15.44	      15.08	      14.51	      13.57	           	       0.00	  781181.25	  507213.69	  370545.66	       0.60	       0.46	       0.28	
 2017/07/25	   15.75	   15.80	   15.18	   15.51	       49910704	      15.63	      15.18	      14.61	      13.57	           	       0.00	  499107.03	  548451.69	  403256.28	       0.60	       0.49	       0.21	
 2017/07/26	   15.42	   15.65	   14.91	   15.09	       44686524	      15.70	      15.20	      14.67	      13.56	           	       0.00	  446865.25	  588723.50	  428417.81	       0.55	       0.50	       0.10	
 2017/07/27	   15.29	   15.56	   14.37	   15.27	       54568980	      15.59	      15.25	      14.75	      13.56	           	       0.00	  545689.81	  586175.06	  467809.88	       0.52	       0.50	       0.03	
 2017/07/28	   15.02	   15.14	   14.71	   14.79	       29657720	      15.31	      15.20	      14.81	      13.56	           	       0.00	  296577.19	  513884.09	  473874.75	       0.45	       0.49	      -0.08	
 2017/07/31	   14.99	   15.01	   13.85	   14.17	       59273968	      14.97	      15.20	      14.84	      13.54	           	       0.00	  592739.69	  476195.78	  491704.75	       0.35	       0.47	      -0.23	
 2017/08/01	   14.12	   14.27	   13.85	   13.87	       34666408	      14.64	      15.13	      14.83	      13.54	           	       0.00	  346664.09	  445707.22	  497079.44	       0.24	       0.42	      -0.37	
 2017/08/02	   13.78	   14.04	   13.38	   13.52	       36192672	      14.32	      15.01	      14.81	      13.56	           	       0.00	  361926.72	  428719.50	  508721.50	       0.12	       0.36	      -0.48	
 2017/08/03	   13.51	   13.89	   13.48	   13.65	       20610926	      14.00	      14.79	      14.78	      13.56	           	       0.00	  206109.27	  360803.38	  473489.22	       0.04	       0.29	      -0.52	
 2017/08/04	   13.74	   14.83	   13.74	   14.37	       58800356	      13.92	      14.61	      14.77	      13.59	           	       0.00	  588003.56	  419088.66	  466486.38	       0.03	       0.24	      -0.43	
 2017/08/07	   14.47	   14.64	   14.08	   14.35	       25613620	      13.95	      14.46	      14.77	      13.61	           	       0.00	  256136.20	  351767.97	  413981.88	       0.02	       0.20	      -0.36	
 2017/08/08	   14.32	   14.32	   13.70	   13.96	       29058462	      13.97	      14.30	      14.74	      13.62	           	       0.00	  290584.63	  340552.06	  393129.63	      -0.02	       0.15	      -0.34	
 2017/08/09	   13.67	   13.90	   13.57	   13.67	       19109788	      14.00	      14.16	      14.68	      13.63	           	       0.00	  191097.88	  306386.31	  367552.91	      -0.07	       0.11	      -0.36	
 2017/08/10	   13.74	   14.10	   13.71	   13.81	       17814320	      14.03	      14.02	      14.63	      13.64	           	       0.00	  178143.20	  300793.09	  330798.25	      -0.10	       0.07	      -0.33	
 2017/08/11	   13.82	   14.37	   13.82	   13.95	       31030442	      13.95	      13.93	      14.56	      13.65	           	       0.00	  310304.41	  245253.27	  332170.97	      -0.11	       0.03	      -0.28	
 2017/08/14	   13.95	   13.97	   13.49	   13.91	       19795920	      13.86	      13.91	      14.55	      13.66	           	       0.00	  197959.20	  233617.86	  292692.91	      -0.12	       0.00	      -0.24	
 2017/08/15	   13.91	   13.98	   13.72	   13.97	       15036689	      13.86	      13.92	      14.52	      13.68	           	       0.00	  150366.89	  205574.31	  273063.19	      -0.12	      -0.02	      -0.20	
 2017/08/16	   13.97	   14.12	   13.73	   14.04	       21336580	      13.94	      13.97	      14.49	      13.70	           	       0.00	  213365.80	  210027.91	  258207.11	      -0.12	      -0.04	      -0.15	
 2017/08/17	   14.07	   14.44	   14.02	   14.30	       29766712	      14.03	      14.03	      14.41	      13.74	           	       0.00	  297667.13	  233932.69	  267362.88	      -0.09	      -0.05	      -0.08	
 2017/08/18	   14.17	   14.47	   14.03	   14.41	       25397492	      14.13	      14.04	      14.32	      13.78	           	       0.00	  253974.92	  222666.78	  233960.03	      -0.06	      -0.05	      -0.01	
 2017/08/21	   14.55	   14.65	   14.28	   14.41	       18618778	      14.23	      14.04	      14.25	      13.82	           	       0.00	  186187.78	  220312.50	  226965.19	      -0.04	      -0.05	       0.03	
 2017/08/22	   14.36	   14.37	   13.97	   14.01	       19487950	      14.23	      14.05	      14.18	      13.85	           	       0.00	  194879.50	  229215.03	  217394.67	      -0.05	      -0.05	       0.00	
 2017/08/23	   13.98	   14.35	   13.97	   14.07	       11945314	      14.24	      14.09	      14.13	      13.89	           	       0.00	  119453.14	  210432.50	  210230.20	      -0.05	      -0.05	      -0.00	
 2017/08/24	   14.12	   14.18	   14.00	   14.06	        8639104	      14.19	      14.11	      14.06	      13.93	           	       0.00	   86391.04	  168177.28	  201054.98	      -0.06	      -0.05	      -0.01	
 2017/08/25	   14.02	   14.16	   14.01	   14.10	        7973363	      14.13	      14.13	      14.03	      13.96	           	       0.00	   79733.63	  133329.02	  177997.91	      -0.05	      -0.05	      -0.01	
 2017/08/28	   14.12	   14.34	   14.11	   14.26	       16929144	      14.10	      14.16	      14.03	      14.00	           	       0.00	  169291.44	  129949.75	  175131.13	      -0.04	      -0.05	       0.02	
 2017/08/29	   14.14	   14.22	   13.75	   13.77	       27184066	      14.05	      14.14	      14.03	      14.02	           	       0.00	  271840.66	  145341.98	  187278.50	      -0.07	      -0.05	      -0.03	
 2017/08/30	   13.77	   13.89	   13.63	   13.84	       17609788	      14.01	      14.12	      14.05	      14.04	           	       0.00	  176097.88	  156670.92	  183551.72	      -0.08	      -0.06	      -0.05	
 2017/08/31	   13.79	   13.90	   13.67	   13.74	        9740635	      13.94	      14.07	      14.05	      14.06	           	       0.00	   97406.35	  158873.98	  163525.64	      -0.10	      -0.07	      -0.07	
 2017/09/01	   13.78	   14.08	   13.70	   14.00	       16759666	      13.92	      14.03	      14.03	      14.09	           	       0.00	  167596.66	  176446.59	  154887.81	      -0.10	      -0.07	      -0.04	
 2017/09/04	   14.06	   14.46	   13.94	   14.43	       30820448	      13.96	      14.03	      14.04	      14.12	           	       0.00	  308204.47	  204229.20	  167089.47	      -0.05	      -0.07	       0.03	
 2017/09/05	   14.42	   14.46	   14.10	   14.16	       18444316	      14.03	      14.04	      14.05	      14.15	           	       0.00	  184443.16	  186749.70	  166045.84	      -0.04	      -0.06	       0.04	
 2017/09/06	   14.07	   14.26	   14.06	   14.22	       12695525	      14.11	      14.06	      14.07	      14.18	           	       0.00	  126955.25	  176921.17	  166796.05	      -0.03	      -0.06	       0.06	
 2017/09/07	   14.28	   14.37	   13.93	   13.96	       11184721	      14.15	      14.05	      14.08	      14.20	           	       0.00	  111847.21	  179809.34	  169341.67	      -0.04	      -0.05	       0.03	
 2017/09/08	   13.96	   14.06	   13.83	   14.04	       11738330	      14.16	      14.04	      14.09	      14.21	           	       0.00	  117383.30	  169766.67	  173106.64	      -0.04	      -0.05	       0.02	
 2017/09/11	   14.07	   14.10	   13.92	   14.03	        7514460	      14.08	      14.02	      14.09	      14.23	           	       0.00	   75144.60	  123154.70	  163691.95	      -0.04	      -0.05	       0.02	
 2017/09/12	   14.03	   14.06	   13.87	   13.89	        9881580	      14.03	      14.03	      14.09	      14.23	           	       0.00	   98815.80	  106029.23	  146389.47	      -0.05	      -0.05	      -0.00	
 2017/09/13	   13.87	   13.92	   13.79	   13.83	        6287272	      13.95	      14.03	      14.08	      14.24	           	       0.00	   62872.72	   93212.73	  135066.95	      -0.06	      -0.05	      -0.02	
 2017/09/14	   13.88	   13.90	   13.78	   13.84	        6455930	      13.93	      14.04	      14.05	      14.25	           	       0.00	   64559.30	   83755.14	  131782.25	      -0.07	      -0.06	      -0.03	
 2017/09/15	   13.82	   13.99	   13.81	   13.89	        8004304	      13.90	      14.03	      14.03	      14.25	           	       0.00	   80043.04	   76287.09	  123026.88	      -0.08	      -0.06	      -0.03	
 2017/09/18	   13.87	   13.91	   13.74	   13.82	        8497209	      13.85	      13.97	      14.00	      14.25	           	       0.00	   84972.09	   78252.59	  100703.65	      -0.08	      -0.06	      -0.03	
 2017/09/19	   13.80	   13.86	   13.58	   13.60	        9458523	      13.80	      13.91	      13.98	      14.25	           	       0.00	   94585.23	   77406.48	   91717.85	      -0.10	      -0.07	      -0.06	
 2017/09/20	   13.52	   13.66	   13.42	   13.53	       16627651	      13.74	      13.84	      13.95	      14.25	           	       0.00	  166276.52	   98087.23	   95649.98	      -0.12	      -0.08	      -0.08	
 2017/09/21	   13.54	   13.54	   13.13	   13.15	       16602409	      13.60	      13.76	      13.90	      14.24	           	       0.00	  166024.09	  118380.20	  101067.67	      -0.17	      -0.10	      -0.14	
 2017/09/22	   13.12	   13.31	   13.07	   13.21	        8605915	      13.46	      13.68	      13.86	      14.23	           	       0.00	   86059.15	  119583.41	   97935.25	      -0.20	      -0.12	      -0.16	
 2017/09/25	   13.42	   13.65	   13.33	   13.38	       15345391	      13.37	      13.61	      13.82	      14.23	           	       0.00	  153453.91	  133279.78	  105766.19	      -0.21	      -0.14	      -0.14	
 2017/09/26	   13.36	   13.37	   13.01	   13.21	       11083190	      13.30	      13.55	      13.79	      14.22	           	       0.00	  110831.90	  136529.11	  106967.80	      -0.22	      -0.15	      -0.14	
 2017/09/27	   13.27	   13.28	   13.10	   13.18	        5631891	      13.23	      13.48	      13.76	      14.20	           	       0.00	   56318.91	  114537.59	  106312.41	      -0.24	      -0.17	      -0.13	
 2017/09/28	   13.16	   13.56	   13.15	   13.46	       13369621	      13.29	      13.44	      13.74	      14.19	           	       0.00	  133696.20	  108072.02	  113226.10	      -0.22	      -0.18	      -0.08	
 2017/09/29	   13.51	   13.62	   13.40	   13.49	        6745608	      13.34	      13.40	      13.72	      14.17	           	       0.00	   67456.08	  104351.40	  111967.41	      -0.20	      -0.18	      -0.04	
 2017/10/09	   13.63	   13.70	   13.46	   13.58	        9939892	      13.38	      13.38	      13.67	      14.16	           	       0.00	   99398.92	   93540.41	  113410.09	      -0.18	      -0.18	       0.01	
 2017/10/10	   13.59	   13.61	   13.46	   13.55	        5254888	      13.45	      13.37	      13.64	      14.14	           	       0.00	   52548.88	   81883.80	  109206.45	      -0.16	      -0.18	       0.03	
 2017/10/11	   13.55	   13.61	   13.37	   13.46	        6484200	      13.51	      13.37	      13.60	      14.12	           	       0.00	   64842.00	   83588.41	   99063.00	      -0.16	      -0.18	       0.04	
 2017/10/12	   13.39	   14.01	   13.38	   13.77	       20214872	      13.57	      13.43	      13.60	      14.10	           	       0.00	  202148.72	   97278.92	  102675.47	      -0.12	      -0.16	       0.08	
 2017/10/13	   13.74	   13.91	   13.59	   13.84	        9893030	      13.64	      13.49	      13.59	      14.08	           	       0.00	   98930.30	  103573.77	  103962.58	      -0.09	      -0.15	       0.12	
 2017/10/16	   13.84	   14.39	   13.57	   14.08	       26833208	      13.74	      13.56	      13.59	      14.08	           	       0.00	  268332.09	  137360.39	  115450.40	      -0.04	      -0.13	       0.17	
 2017/10/17	   14.11	   14.22	   13.93	   13.97	       12897305	      13.82	      13.64	      13.59	      14.07	           	       0.00	  128973.05	  152645.23	  117264.52	      -0.02	      -0.11	       0.18	
 2017/10/18	   13.89	   14.06	   13.70	   13.81	       10664363	      13.89	      13.70	      13.59	      14.05	           	       0.00	  106643.63	  161005.56	  122296.98	      -0.01	      -0.09	       0.16	
 2017/10/19	   13.75	   13.79	   13.47	   13.50	        7368470	      13.84	      13.70	      13.57	      14.01	           	       0.00	   73684.70	  135312.75	  116295.84	      -0.02	      -0.07	       0.10	
 2017/10/20	   13.42	   13.73	   13.42	   13.61	        5129840	      13.79	      13.72	      13.56	      13.97	           	       0.00	   51298.40	  125786.38	  114680.07	      -0.03	      -0.07	       0.07	
 2017/10/23	   13.55	   13.69	   13.45	   13.48	        6054235	      13.67	      13.71	      13.54	      13.93	           	       0.00	   60542.35	   84228.43	  110794.41	      -0.04	      -0.06	       0.04	
 2017/10/24	   13.47	   13.59	   13.26	   13.37	        5460148	      13.55	      13.69	      13.53	      13.90	           	       0.00	   54601.48	   69354.11	  110999.67	      -0.06	      -0.06	      -0.00	
 2017/10/25	   13.35	   13.63	   13.35	   13.61	        6121510	      13.51	      13.70	      13.54	      13.87	           	       0.00	   61215.10	   60268.41	  110636.98	      -0.06	      -0.06	       0.01	
 2017/10/26	   13.56	   13.80	   13.50	   13.71	        8579895	      13.56	      13.70	      13.56	      13.84	           	       0.00	   85798.95	   62691.26	   99002.01	      -0.04	      -0.06	       0.02	
 2017/10/27	   13.75	   13.75	   13.33	   13.43	        8748657	      13.52	      13.66	      13.57	      13.82	           	       0.00	   87486.57	   69928.89	   97857.63	      -0.06	      -0.06	       0.00	
 2017/10/30	   13.39	   13.39	   12.86	   12.99	       11561321	      13.42	      13.55	      13.56	      13.80	           	       0.00	  115613.21	   80943.06	   82585.74	      -0.10	      -0.07	      -0.07	
 2017/10/31	   12.98	   13.05	   12.69	   12.73	        9973159	      13.29	      13.42	      13.53	      13.78	           	       0.00	   99731.59	   89969.09	   79661.60	      -0.15	      -0.08	      -0.14	
 2017/11/01	   12.79	   12.79	   12.50	   12.56	       10690154	      13.08	      13.30	      13.50	      13.77	           	       0.00	  106901.54	   99106.38	   79687.39	      -0.21	      -0.11	      -0.20	
 2017/11/02	   12.59	   12.64	   12.48	   12.55	        5887728	      12.85	      13.20	      13.45	      13.75	           	       0.00	   58877.28	   93722.04	   78206.65	      -0.25	      -0.14	      -0.23	
 2017/11/03	   12.56	   12.59	   12.22	   12.33	        8445168	      12.63	      13.08	      13.40	      13.71	           	       0.00	   84451.68	   93115.06	   81521.98	      -0.30	      -0.17	      -0.26	
 2017/11/06	   12.33	   12.50	   12.27	   12.49	        7577080	      12.53	      12.98	      13.34	      13.68	           	       0.00	   75770.80	   85146.58	   83044.82	      -0.32	      -0.20	      -0.24	
 2017/11/07	   12.49	   12.77	   12.41	   12.67	        8646617	      12.52	      12.91	      13.30	      13.66	           	       0.00	   86466.17	   82493.49	   86231.29	      -0.31	      -0.22	      -0.19	
 2017/11/08	   12.68	   12.80	   12.67	   12.72	        6435299	      12.55	      12.82	      13.26	      13.65	           	       0.00	   64352.99	   73983.78	   86545.08	      -0.31	      -0.24	      -0.13	
 2017/11/09	   12.68	   12.85	   12.61	   12.70	        3909640	      12.58	      12.72	      13.21	      13.63	           	       0.00	   39096.40	   70027.61	   81874.82	      -0.30	      -0.25	      -0.09	
 2017/11/10	   12.75	   12.75	   12.48	   12.52	        6919817	      12.62	      12.63	      13.14	      13.60	           	       0.00	   69198.17	   66976.91	   80045.98	      -0.30	      -0.26	      -0.08	
 2017/11/13	   12.50	   12.62	   12.28	   12.31	        8589995	      12.58	      12.56	      13.05	      13.58	           	       0.00	   85899.95	   69002.73	   77074.66	      -0.32	      -0.27	      -0.09	
 2017/11/14	   12.34	   12.56	   12.31	   12.40	        6673112	      12.53	      12.52	      12.97	      13.55	           	       0.00	   66731.12	   65055.73	   73774.61	      -0.32	      -0.28	      -0.08	
 2017/11/15	   12.41	   12.41	   12.03	   12.08	        7927608	      12.40	      12.48	      12.89	      13.52	           	       0.00	   79276.08	   68040.34	   71012.06	      -0.34	      -0.29	      -0.10	
 2017/11/16	   12.13	   12.38	   12.08	   12.20	        8010995	      12.30	      12.44	      12.82	      13.48	           	       0.00	   80109.95	   76243.05	   73135.33	      -0.35	      -0.30	      -0.09	
 2017/11/17	   12.20	   12.30	   11.62	   11.67	        9034817	      12.13	      12.38	      12.73	      13.44	           	       0.00	   90348.17	   80473.05	   73724.98	      -0.39	      -0.32	      -0.14	
 2017/11/20	   11.75	   11.90	   11.38	   11.85	        7463134	      12.04	      12.31	      12.64	      13.40	           	       0.00	   74631.34	   78219.34	   73611.03	      -0.40	      -0.34	      -0.13	
 2017/11/21	   11.82	   12.07	   11.77	   12.00	        6549952	      11.96	      12.24	      12.58	      13.36	           	       0.00	   65499.52	   77973.02	   71514.37	      -0.40	      -0.35	      -0.10	
 2017/11/22	   12.06	   12.28	   11.85	   12.09	       10538660	      11.96	      12.18	      12.50	      13.33	           	       0.00	  105386.60	   83195.12	   75617.73	      -0.38	      -0.36	      -0.05	
 2017/11/23	   12.12	   12.17	   11.46	   11.48	        8397163	      11.82	      12.06	      12.39	      13.29	           	       0.00	   83971.63	   83967.45	   80105.26	      -0.41	      -0.37	      -0.09	
 2017/11/24	   11.44	   11.66	   11.24	   11.36	        9142173	      11.76	      11.94	      12.28	      13.24	           	       0.00	   91421.73	   84182.16	   82327.61	      -0.44	      -0.38	      -0.12	
 2017/11/27	   11.35	   11.69	   11.29	   11.53	        5581727	      11.69	      11.87	      12.21	      13.19	           	       0.00	   55817.27	   80419.35	   79319.34	      -0.45	      -0.40	      -0.10	
 2017/11/28	   11.54	   11.68	   11.49	   11.63	        3528573	      11.62	      11.79	      12.16	      13.16	           	       0.00	   35285.73	   74376.59	   76174.80	      -0.44	      -0.40	      -0.07	
 2017/11/29	   11.56	   11.69	   11.25	   11.43	        8028556	      11.49	      11.72	      12.10	      13.12	           	       0.00	   80285.56	   69356.38	   76275.75	      -0.44	      -0.41	      -0.06	
 2017/11/30	   11.37	   11.73	   11.32	   11.56	        6848200	      11.50	      11.66	      12.05	      13.08	           	       0.00	   68482.00	   66258.46	   75112.95	      -0.43	      -0.42	      -0.03	
 2017/12/01	   11.56	   11.86	   11.52	   11.77	        6855426	      11.58	      11.67	      12.02	      13.05	           	       0.00	   68554.26	   61684.96	   72933.56	      -0.40	      -0.41	       0.03	
 2017/12/04	   11.77	   11.92	   11.59	   11.63	        3652259	      11.60	      11.65	      11.98	      13.00	           	       0.00	   36522.59	   57826.03	   69122.69	      -0.38	      -0.41	       0.05	
 2017/12/05	   11.77	   12.05	   11.38	   11.57	        6112204	      11.59	      11.60	      11.93	      12.96	           	       0.00	   61122.04	   62993.29	   68684.94	      -0.37	      -0.40	       0.06	
 2017/12/06	   11.48	   11.79	   11.45	   11.71	        7039598	      11.65	      11.57	      11.87	      12.91	           	       0.00	   70395.98	   61015.37	   65185.88	      -0.34	      -0.39	       0.09	
 2017/12/07	   11.68	   12.31	   11.68	   12.06	       16040740	      11.75	      11.63	      11.84	      12.88	           	       0.00	  160407.41	   79400.45	   72829.45	      -0.29	      -0.37	       0.16	
 2017/12/08	   12.04	   12.16	   11.89	   12.09	        8616190	      11.81	      11.70	      11.82	      12.85	           	       0.00	   86161.90	   82921.98	   72303.48	      -0.24	      -0.34	       0.20	
 2017/12/11	   12.13	   12.22	   11.90	   12.09	        9571067	      11.90	      11.75	      11.81	      12.82	           	       0.00	   95710.67	   94759.60	   76292.81	      -0.20	      -0.31	       0.22	
 2017/12/12	   12.06	   12.06	   11.67	   11.73	        8586330	      11.94	      11.76	      11.78	      12.78	           	       0.00	   85863.30	   99707.85	   81350.57	      -0.20	      -0.29	       0.19	
 2017/12/13	   11.72	   11.80	   11.55	   11.73	        6464631	      11.94	      11.79	      11.76	      12.75	           	       0.00	   64646.31	   98557.91	   79786.64	      -0.19	      -0.27	       0.16	
 2017/12/14	   11.70	   11.70	   11.45	   11.49	        8082786	      11.83	      11.79	      11.72	      12.71	           	       0.00	   80827.86	   82642.01	   81021.23	      -0.21	      -0.26	       0.11	
 2017/12/15	   11.48	   11.61	   11.41	   11.54	        4967250	      11.72	      11.76	      11.72	      12.67	           	       0.00	   49672.50	   75344.13	   79133.05	      -0.21	      -0.25	       0.08	
 2017/12/18	   11.54	   11.62	   11.02	   11.08	       12713371	      11.51	      11.71	      11.68	      12.62	           	       0.00	  127133.71	   81628.73	   88194.16	      -0.25	      -0.25	       0.00	
 2017/12/19	   11.19	   11.44	   11.10	   11.29	        7633171	      11.43	      11.68	      11.64	      12.58	           	       0.00	   76331.71	   79722.42	   89715.13	      -0.26	      -0.25	      -0.01	
 2017/12/20	   11.27	   11.63	   11.15	   11.23	        9110240	      11.33	      11.63	      11.60	      12.55	           	       0.00	   91102.40	   85013.63	   91785.77	      -0.26	      -0.25	      -0.02	
 2017/12/21	   11.17	   11.36	   11.02	   11.27	        9684651	      11.28	      11.55	      11.59	      12.51	           	       0.00	   96846.51	   88217.37	   85429.69	      -0.27	      -0.25	      -0.02	
 2017/12/22	   11.12	   11.34	   11.08	   11.12	        7516460	      11.20	      11.46	      11.58	      12.48	           	       0.00	   75164.60	   93315.79	   84329.95	      -0.28	      -0.26	      -0.03	
 2017/12/25	   11.08	   11.29	   10.99	   11.27	        7267864	      11.24	      11.38	      11.56	      12.44	           	       0.00	   72678.64	   82424.77	   82026.75	      -0.27	      -0.26	      -0.01	
 2017/12/26	   11.24	   11.44	   11.13	   11.38	        7004339	      11.25	      11.34	      11.55	      12.41	           	       0.00	   70043.39	   81167.11	   80444.77	      -0.25	      -0.26	       0.02	
 2017/12/27	   11.38	   11.66	   11.32	   11.45	        9610151	      11.30	      11.31	      11.55	      12.38	           	       0.00	   96101.51	   82166.93	   83590.28	      -0.23	      -0.25	       0.05	
 2017/12/28	   11.38	   11.72	   11.38	   11.53	        8231061	      11.35	      11.32	      11.55	      12.35	           	       0.00	   82310.61	   79259.75	   83738.55	      -0.20	      -0.24	       0.08	
 2017/12/29	   11.52	   12.22	   11.46	   12.02	       17201588	      11.53	      11.36	      11.56	      12.33	           	       0.00	  172015.88	   98630.01	   95972.90	      -0.14	      -0.22	       0.16	
 2018/01/02	   12.04	   12.27	   11.95	   12.19	       10874709	      11.71	      11.48	      11.59	      12.30	           	       0.00	  108747.09	  105843.70	   94134.23	      -0.08	      -0.19	       0.23	
 2018/01/03	   12.26	   12.26	   11.98	   12.08	       10546443	      11.85	      11.55	      11.62	      12.28	           	       0.00	  105464.43	  112927.91	   97047.51	      -0.03	      -0.16	       0.25	
 2018/01/04	   12.08	   12.38	   12.05	   12.11	       11582264	      11.99	      11.64	      11.64	      12.26	           	       0.00	  115822.64	  116872.13	   99519.53	       0.00	      -0.13	       0.26	
 2018/01/05	   12.15	   12.25	   12.04	   12.06	        7629184	      12.09	      11.72	      11.64	      12.23	           	       0.00	   76291.84	  115668.38	   97464.06	       0.03	      -0.10	       0.25	
 2018/01/08	   12.09	   12.56	   12.00	   12.29	       14824626	      12.15	      11.84	      11.65	      12.20	           	       0.00	  148246.27	  110914.45	  104772.23	       0.06	      -0.07	       0.26	
 2018/01/09	   12.27	   12.42	   11.92	   12.04	       10068956	      12.12	      11.91	      11.64	      12.17	           	       0.00	  100689.56	  109302.95	  107573.32	       0.07	      -0.04	       0.22	
 2018/01/10	   12.13	   12.13	   11.67	   11.84	        9581512	      12.07	      11.96	      11.65	      12.13	           	       0.00	   95815.12	  107373.09	  110150.49	       0.06	      -0.02	       0.16	
 2018/01/11	   11.78	   11.90	   11.72	   11.86	        6370321	      12.02	      12.00	      11.66	      12.10	           	       0.00	   63703.21	   96949.20	  106910.66	       0.05	      -0.00	       0.11	
 2018/01/12	   11.88	   11.89	   11.40	   11.42	       10328886	      11.89	      11.99	      11.65	      12.07	           	       0.00	  103288.86	  102348.60	  109008.49	       0.01	      -0.00	       0.03	
 2018/01/15	   11.38	   11.44	   11.17	   11.24	       10534583	      11.68	      11.91	      11.64	      12.03	           	       0.00	  105345.83	   93768.52	  102341.48	      -0.03	      -0.01	      -0.05	
 2018/01/16	   11.16	   11.32	   10.98	   11.18	       11000398	      11.51	      11.81	      11.64	      11.99	           	       0.00	  110003.98	   95631.40	  102467.17	      -0.08	      -0.02	      -0.11	
 2018/01/17	   11.16	   11.38	   10.88	   11.27	       10746598	      11.39	      11.73	      11.64	      11.95	           	       0.00	  107465.98	   97961.57	  102667.33	      -0.10	      -0.04	      -0.13	
 2018/01/18	   11.27	   11.31	   11.11	   11.18	        6502280	      11.26	      11.64	      11.64	      11.91	           	       0.00	   65022.80	   98225.48	   97587.34	      -0.12	      -0.05	      -0.14	
 2018/01/19	   11.25	   11.92	   11.19	   11.58	       17942346	      11.29	      11.59	      11.66	      11.88	           	       0.00	  179423.45	  113452.41	  107900.51	      -0.11	      -0.07	      -0.09	
 2018/01/22	   11.57	   11.92	   11.37	   11.82	       10208599	      11.41	      11.54	      11.69	      11.85	           	       0.00	  102085.99	  112800.44	  103284.48	      -0.08	      -0.07	      -0.02	
 2018/01/23	   11.78	   11.85	   11.59	   11.73	        7772171	      11.52	      11.51	      11.71	      11.83	           	       0.00	   77721.71	  106343.98	  100987.70	      -0.06	      -0.07	       0.01	
 2018/01/24	   11.68	   11.78	   11.25	   11.61	       11651180	      11.58	      11.49	      11.73	      11.81	           	       0.00	  116511.80	  108153.15	  103057.36	      -0.06	      -0.07	       0.02	
 2018/01/25	   11.49	   12.42	   11.49	   12.19	       25242182	      11.79	      11.52	      11.76	      11.81	           	       0.00	  252421.81	  145632.95	  121929.22	      -0.01	      -0.05	       0.10	
 2018/01/26	   12.15	   12.32	   12.01	   12.10	       11708962	      11.89	      11.59	      11.79	      11.80	           	       0.00	  117089.62	  133166.19	  123309.30	       0.03	      -0.04	       0.13	
 2018/01/29	   12.11	   12.43	   12.02	   12.34	       16150195	      11.99	      11.70	      11.81	      11.80	           	       0.00	  161501.95	  145049.38	  128924.91	       0.07	      -0.02	       0.17	
 2018/01/30	   12.33	   12.51	   12.10	   12.44	       13722142	      12.14	      11.83	      11.82	      11.80	           	       0.00	  137221.42	  156949.31	  131646.66	       0.11	       0.01	       0.21	
 2018/01/31	   12.37	   12.41	   11.92	   11.97	        9083496	      12.21	      11.90	      11.81	      11.79	           	       0.00	   90834.96	  151813.95	  129983.55	       0.11	       0.03	       0.16	
 2018/02/01	   11.99	   12.00	   11.50	   11.52	       10769310	      12.07	      11.93	      11.78	      11.77	           	       0.00	  107693.10	  122868.21	  134250.58	       0.07	       0.04	       0.06	
 2018/02/02	   11.22	   11.78	   11.22	   11.47	        8755287	      11.95	      11.92	      11.75	      11.74	           	       0.00	   87552.87	  116960.86	  125063.52	       0.03	       0.04	      -0.01	
 2018/02/05	   11.33	   11.64	   11.26	   11.34	        7034300	      11.75	      11.87	      11.71	      11.73	           	       0.00	   70343.00	   98729.07	  121889.23	      -0.01	       0.03	      -0.07	
 2018/02/06	   11.17	   11.51	   10.20	   10.20	       19113690	      11.30	      11.72	      11.61	      11.69	           	       0.00	  191136.91	  109512.16	  133230.75	      -0.13	      -0.01	      -0.26	
 2018/02/07	   10.47	   10.76	    9.97	   10.49	       14938111	      11.00	      11.61	      11.55	      11.66	           	       0.00	  149381.11	  121221.40	  136517.67	      -0.20	      -0.04	      -0.32	
 2018/02/08	   10.60	   11.51	   10.48	   11.10	       14476029	      10.92	      11.50	      11.51	      11.64	           	       0.00	  144760.30	  128634.84	  125751.52	      -0.21	      -0.08	      -0.26	
 2018/02/09	   11.07	   11.51	   10.47	   10.87	       20691350	      10.80	      11.37	      11.48	      11.62	           	       0.00	  206913.50	  152506.97	  134733.91	      -0.23	      -0.11	      -0.24	
 2018/02/12	   11.19	   11.73	   11.07	   11.56	       10618210	      10.84	      11.30	      11.50	      11.62	           	       0.00	  106182.10	  159674.78	  129201.93	      -0.19	      -0.12	      -0.13	
 2018/02/13	   11.85	   12.14	   11.57	   12.05	       13781335	      11.21	      11.26	      11.54	      11.62	           	       0.00	  137813.34	  149010.06	  129261.12	      -0.11	      -0.12	       0.02	
 2018/02/14	   12.13	   12.13	   11.88	   11.96	        4758846	      11.51	      11.26	      11.58	      11.62	           	       0.00	   47588.46	  128651.54	  124936.47	      -0.06	      -0.11	       0.10	
 2018/02/22	   12.13	   12.13	   11.80	   12.05	        6886626	      11.70	      11.31	      11.62	      11.62	           	       0.00	   68866.26	  113472.73	  121053.78	      -0.01	      -0.09	       0.16	
 2018/02/23	   12.07	   12.29	   11.66	   11.80	       12006445	      11.88	      11.34	      11.63	      11.63	           	       0.00	  120064.45	   96102.92	  124304.95	       0.01	      -0.07	       0.16	
 2018/02/26	   11.89	   12.73	   11.89	   12.61	       23415424	      12.09	      11.47	      11.67	      11.65	           	       0.00	  234154.23	  121697.35	  140686.06	       0.09	      -0.04	       0.25	
 2018/02/27	   12.74	   13.28	   12.52	   12.84	       30066028	      12.25	      11.73	      11.73	      11.67	           	       0.00	  300660.28	  154266.73	  151638.41	       0.17	       0.00	       0.33	
 2018/02/28	   12.70	   13.32	   12.53	   12.89	       23362096	      12.44	      11.97	      11.79	      11.69	           	       0.00	  233620.95	  191473.23	  160062.39	       0.23	       0.05	       0.36	
 2018/03/01	   12.93	   13.06	   12.76	   12.97	       12666449	      12.62	      12.16	      11.83	      11.71	           	       0.00	  126664.49	  203032.88	  158252.81	       0.28	       0.10	       0.38	
 2018/03/02	   12.93	   12.94	   12.47	   12.67	       16585344	      12.80	      12.34	      11.86	      11.73	           	       0.00	  165853.44	  212190.69	  154146.80	       0.30	       0.14	       0.33	
 2018/03/05	   13.08	   13.37	   12.91	   13.03	       24225684	      12.88	      12.49	      11.89	      11.75	           	       0.00	  242256.84	  213811.20	  167754.28	       0.34	       0.18	       0.32	
 2018/03/06	   12.97	   13.66	   12.91	   13.64	       26911532	      13.04	      12.65	      11.95	      11.79	           	       0.00	  269115.31	  207502.20	  180884.47	       0.41	       0.22	       0.37	
 2018/03/07	   13.56	   13.62	   13.24	   13.28	       14871847	      13.12	      12.78	      12.02	      11.82	           	       0.00	  148718.47	  190521.72	  190997.47	       0.44	       0.27	       0.34	
 2018/03/08	   13.28	   13.55	   13.15	   13.45	        8720883	      13.21	      12.92	      12.11	      11.85	           	       0.00	   87208.83	  182630.58	  192831.73	       0.46	       0.31	       0.32	
 2018/03/09	   13.37	   13.77	   13.33	   13.72	       14659827	      13.42	      13.11	      12.23	      11.87	           	       0.00	  146598.27	  178779.55	  195485.11	       0.50	       0.34	       0.31	
 2018/03/12	   13.74	   13.96	   13.52	   13.58	       15150120	      13.53	      13.21	      12.34	      11.90	           	       0.00	  151501.20	  160628.42	  187219.81	       0.51	       0.38	       0.27	
 2018/03/13	   13.53	   13.74	   13.30	   13.47	       10815443	      13.50	      13.27	      12.50	      11.92	           	       0.00	  108154.43	  128436.24	  167969.22	       0.51	       0.40	       0.21	
 2018/03/14	   13.46	   13.47	   12.88	   12.92	       14764953	      13.43	      13.27	      12.62	      11.94	           	       0.00	  147649.53	  128222.45	  159372.08	       0.46	       0.41	       0.08	
 2018/03/15	   12.85	   13.23	   12.84	   12.99	       10057841	      13.34	      13.27	      12.72	      11.96	           	       0.00	  100578.41	  130896.37	  156763.47	       0.42	       0.41	       0.00	
 2018/03/16	   13.06	   13.20	   12.82	   12.91	        9927238	      13.17	      13.30	      12.82	      11.98	           	       0.00	   99272.38	  121431.19	  150105.38	       0.37	       0.41	      -0.07	
 2018/03/19	   13.10	   13.53	   12.98	   13.43	       16805494	      13.14	      13.34	      12.91	      12.02	           	       0.00	  168054.94	  124741.94	  142685.17	       0.37	       0.40	      -0.05	
 2018/03/20	   13.27	   13.63	   13.19	   13.44	       10252251	      13.14	      13.32	      12.98	      12.06	           	       0.00	  102522.51	  123615.55	  126025.90	       0.37	       0.39	      -0.04	
 2018/03/21	   13.38	   14.07	   13.38	   13.67	       21936518	      13.29	      13.36	      13.07	      12.10	           	       0.00	  219365.19	  137958.69	  133090.56	       0.39	       0.39	      -0.01	
 2018/03/22	   13.58	   14.15	   13.55	   13.94	       21332054	      13.48	      13.41	      13.16	      12.14	           	       0.00	  213320.55	  160507.11	  145701.73	       0.41	       0.40	       0.03	
 2018/03/23	   13.62	   14.46	   13.09	   13.84	       28988512	      13.66	      13.42	      13.26	      12.18	           	       0.00	  289885.13	  198629.66	  160030.42	       0.42	       0.40	       0.04	
 2018/03/26	   13.87	   14.70	   13.87	   14.52	       38070444	      13.88	      13.51	      13.36	      12.24	           	       0.00	  380704.44	  241159.56	  182950.75	       0.48	       0.42	       0.12	
 2018/03/27	   14.56	   14.76	   14.06	   14.43	       35172576	      14.08	      13.61	      13.44	      12.29	           	       0.00	  351725.75	  291000.22	  207307.88	       0.51	       0.44	       0.15	
 2018/03/28	   14.20	   14.71	   14.14	   14.69	       20421632	      14.28	      13.79	      13.53	      12.35	           	       0.00	  204216.31	  287970.44	  212964.56	       0.55	       0.46	       0.18	
 2018/03/29	   14.59	   14.75	   14.16	   14.30	       12653635	      14.36	      13.92	      13.60	      12.40	           	       0.00	  126536.35	  270613.59	  215560.36	       0.54	       0.48	       0.14	
 2018/03/30	   14.29	   14.82	   14.19	   14.48	       18390752	      14.48	      14.07	      13.69	      12.44	           	       0.00	  183907.52	  249418.08	  224023.88	       0.55	       0.49	       0.11	
 2018/04/02	   14.60	   15.27	   14.59	   15.18	       24808502	      14.62	      14.25	      13.79	      12.50	           	       0.00	  248085.02	  222894.19	  232026.88	       0.60	       0.51	       0.17	
 2018/04/03	   15.05	   15.13	   14.63	   14.95	       18172072	      14.72	      14.40	      13.86	      12.54	           	       0.00	  181720.72	  188893.19	  239946.70	       0.62	       0.53	       0.16	
 2018/04/04	   14.85	   15.44	   14.27	   14.57	       24076854	      14.70	      14.49	      13.92	      12.58	           	       0.00	  240768.55	  196203.63	  242087.03	       0.59	       0.54	       0.09	
 2018/04/09	   14.45	   15.06	   14.15	   14.75	       17864044	      14.79	      14.57	      13.99	      12.63	           	       0.00	  178640.44	  206624.45	  238619.02	       0.58	       0.55	       0.05	
 2018/04/10	   14.72	   14.90	   13.79	   14.15	       26189544	      14.72	      14.60	      14.01	      12.66	           	       0.00	  261895.44	  222222.03	  235820.05	       0.51	       0.54	      -0.06	
 2018/04/11	   14.03	   14.13	   13.54	   13.79	       30073388	      14.44	      14.53	      14.02	      12.69	           	       0.00	  300733.88	  232751.80	  227823.00	       0.43	       0.52	      -0.18	
 2018/04/12	   13.69	   14.33	   13.62	   13.86	       18796524	      14.22	      14.47	      14.04	      12.72	           	       0.00	  187965.23	  234000.70	  211446.94	       0.36	       0.49	      -0.25	
 2018/04/13	   13.87	   14.26	   13.81	   13.97	       12560321	      14.10	      14.40	      14.09	      12.75	           	       0.00	  125603.21	  210967.64	  203585.64	       0.32	       0.46	      -0.28	
 2018/04/16	   13.97	   14.10	   13.53	   13.64	       16538711	      13.88	      14.33	      14.13	      12.78	           	       0.00	  165387.11	  208316.97	  207470.70	       0.25	       0.41	      -0.33	
 2018/04/17	   13.73	   14.10	   13.63	   13.71	       19256228	      13.79	      14.26	      14.17	      12.82	           	       0.00	  192562.28	  194450.34	  208336.19	       0.20	       0.37	      -0.34	
 2018/04/18	   13.75	   14.24	   13.37	   14.16	       23819736	      13.87	      14.15	      14.20	      12.87	           	       0.00	  238197.36	  181943.03	  207347.42	       0.20	       0.34	      -0.28	
 2018/04/19	   14.12	   14.83	   14.04	   14.52	       23936296	      14.00	      14.11	      14.26	      12.93	           	       0.00	  239362.95	  192222.58	  213111.64	       0.22	       0.31	      -0.19	
 2018/04/20	   14.38	   14.83	   14.08	   14.22	       12883038	      14.05	      14.08	      14.28	      12.98	           	       0.00	  128830.38	  192868.02	  201917.83	       0.21	       0.29	      -0.17	
 2018/04/23	   14.21	   14.38	   12.87	   13.14	       23540592	      13.95	      13.92	      14.24	      13.01	           	       0.00	  235405.92	  206871.78	  207594.38	       0.11	       0.26	      -0.28	
 2018/04/24	   13.12	   13.81	   13.07	   13.76	       13086946	      13.96	      13.88	      14.24	      13.04	           	       0.00	  130869.46	  194533.22	  194491.78	       0.09	       0.22	      -0.27	
 2018/04/25	   13.47	   13.87	   13.32	   13.74	        7935826	      13.88	      13.87	      14.20	      13.08	           	       0.00	   79358.26	  162765.39	  172354.22	       0.06	       0.19	      -0.25	
 2018/04/26	   13.68	   13.97	   13.35	   13.41	        7723174	      13.65	      13.83	      14.15	      13.10	           	       0.00	   77231.74	  130339.16	  161280.88	       0.02	       0.16	      -0.28	
 2018/04/27	   13.61	   13.63	   12.92	   13.19	       13760306	      13.45	      13.75	      14.07	      13.13	           	       0.00	  137603.06	  132093.69	  162480.86	      -0.03	       0.12	      -0.31	
 2018/05/02	   13.20	   13.70	   12.97	   13.65	       13621224	      13.55	      13.75	      14.04	      13.16	           	       0.00	  136212.23	  112254.95	  159563.36	      -0.04	       0.09	      -0.25	
 2018/05/03	   13.50	   13.61	   13.16	   13.38	       12966293	      13.47	      13.72	      13.99	      13.18	           	       0.00	  129662.93	  112013.65	  153273.44	      -0.06	       0.06	      -0.24	
 2018/05/04	   13.38	   13.78	   13.28	   13.65	       12079154	      13.46	      13.67	      13.91	      13.20	           	       0.00	  120791.54	  120300.30	  141532.84	      -0.06	       0.03	      -0.19	
 2018/05/07	   13.54	   13.93	   13.51	   13.89	        9851450	      13.55	      13.60	      13.86	      13.22	           	       0.00	   98514.50	  124556.85	  127448.00	      -0.04	       0.02	      -0.12	
 2018/05/08	   13.90	   14.58	   13.57	   13.75	       22569762	      13.66	      13.56	      13.82	      13.25	           	       0.00	  225697.63	  142175.77	  137134.73	      -0.03	       0.01	      -0.08	
 2018/05/09	   13.77	   13.79	   13.40	   13.54	        8092763	      13.64	      13.60	      13.76	      13.29	           	       0.00	   80927.63	  131118.84	  121686.90	      -0.04	      -0.00	      -0.08	
 2018/05/10	   13.52	   13.56	   13.17	   13.26	       14516670	      13.62	      13.55	      13.71	      13.32	           	       0.00	  145166.70	  134219.59	  123116.63	      -0.07	      -0.02	      -0.12	
 2018/05/11	   13.21	   13.41	   12.87	   12.91	       14466067	      13.47	      13.46	      13.67	      13.34	           	       0.00	  144660.67	  138993.42	  129646.87	      -0.13	      -0.04	      -0.17	
 2018/05/14	   12.88	   13.23	   12.69	   12.81	       15078345	      13.25	      13.40	      13.61	      13.39	           	       0.00	  150783.45	  149447.22	  137002.03	      -0.17	      -0.06	      -0.21	
 2018/05/15	   12.75	   13.00	   12.70	   12.94	        6893102	      13.09	      13.38	      13.56	      13.43	           	       0.00	   68931.02	  118093.90	  130134.83	      -0.20	      -0.09	      -0.21	
 2018/05/16	   12.86	   13.41	   12.86	   13.27	       16208764	      13.04	      13.34	      13.55	      13.46	           	       0.00	  162087.64	  134325.91	  132722.38	      -0.19	      -0.11	      -0.15	
 2018/05/17	   13.21	   13.27	   12.99	   13.08	        6069190	      13.00	      13.31	      13.51	      13.50	           	       0.00	   60691.90	  117430.94	  125825.27	      -0.19	      -0.13	      -0.13	
 2018/05/18	   13.05	   13.17	   12.88	   13.16	        6496240	      13.05	      13.26	      13.46	      13.53	           	       0.00	   64962.40	  101491.28	  120242.35	      -0.19	      -0.14	      -0.10	
 2018/05/21	   13.16	   13.20	   12.97	   13.05	       10642682	      13.10	      13.18	      13.39	      13.54	           	       0.00	  106426.82	   92619.95	  121033.59	      -0.19	      -0.15	      -0.08	
 2018/05/22	   13.07	   13.10	   12.74	   12.96	        7948251	      13.10	      13.10	      13.33	      13.56	           	       0.00	   79482.51	   94730.25	  106412.08	      -0.20	      -0.16	      -0.08	
 2018/05/23	   12.91	   13.18	   12.85	   12.97	       11472248	      13.04	      13.04	      13.32	      13.57	           	       0.00	  114722.48	   85257.22	  109791.56	      -0.20	      -0.17	      -0.07	
 2018/05/24	   12.96	   13.01	   12.57	   12.61	        9094363	      12.95	      12.98	      13.26	      13.59	           	       0.00	   90943.63	   91307.57	  104369.25	      -0.23	      -0.18	      -0.10	
 2018/05/25	   12.68	   12.83	   12.60	   12.71	        6435224	      12.86	      12.96	      13.21	      13.59	           	       0.00	   64352.24	   91185.53	   96338.41	      -0.24	      -0.19	      -0.10	
 2018/05/28	   12.72	   12.74	   11.96	   12.14	       19390910	      12.68	      12.89	      13.15	      13.58	           	       0.00	  193909.09	  108681.99	  100650.98	      -0.29	      -0.21	      -0.16	
 2018/05/29	   12.14	   12.27	   11.80	   11.86	       11299388	      12.46	      12.78	      13.08	      13.56	           	       0.00	  112993.88	  115384.27	  105057.26	      -0.35	      -0.24	      -0.23	
 2018/05/30	   11.71	   11.95	   11.55	   11.69	        9036935	      12.20	      12.62	      12.98	      13.54	           	       0.00	   90369.35	  110513.64	   97885.43	      -0.41	      -0.27	      -0.27	
 2018/05/31	   11.76	   11.91	   11.33	   11.56	       12822472	      11.99	      12.47	      12.89	      13.52	           	       0.00	  128224.72	  117969.86	  104638.71	      -0.46	      -0.31	      -0.30	
 2018/06/01	   11.46	   11.79	   11.20	   11.62	       18509628	      11.77	      12.32	      12.79	      13.50	           	       0.00	  185096.28	  142118.67	  116652.10	      -0.49	      -0.35	      -0.28	
 2018/06/04	   11.62	   11.85	   11.53	   11.78	        9818587	      11.70	      12.19	      12.68	      13.47	           	       0.00	   98185.87	  122974.02	  115828.01	      -0.49	      -0.38	      -0.23	
 2018/06/05	   11.75	   12.34	   11.75	   12.32	       15302598	      11.79	      12.13	      12.61	      13.45	           	       0.00	  153025.98	  130980.44	  123182.35	      -0.45	      -0.39	      -0.11	
 2018/06/06	   12.17	   12.50	   12.17	   12.29	        9286130	      11.91	      12.06	      12.55	      13.43	           	       0.00	   92861.30	  131478.83	  120996.23	      -0.41	      -0.39	      -0.03	
 2018/06/07	   12.46	   12.46	   11.89	   11.96	       11858320	      11.99	      11.99	      12.48	      13.40	           	       0.00	  118583.20	  129550.52	  123760.20	      -0.40	      -0.40	      -0.01	
 2018/06/08	   11.91	   12.12	   11.91	   11.97	        6692614	      12.06	      11.92	      12.44	      13.38	           	       0.00	   66926.14	  105916.50	  124017.58	      -0.39	      -0.39	       0.01	